(2, [[300, 102, 335, 122], 41, [62, 2], [1931, 64]])
(126, [[620, 45, 637, 59], 40, [1060, 35], [1109, 37]])
(148, [[617, 44, 635, 61], 31, [1440, 48], [1447, 48]])
(206, [[641, 32, 656, 45], 36, [2018, 67], [26819, 894]])
(327, [[300, 104, 336, 122], 45, [2058, 69], [2087, 70]])
(401, [[309, 103, 333, 120], 128, [2390, 80], [2695, 90]])
(391, [[277, 112, 301, 132], 46, [2410, 80], [2533, 84]])
(782, [[583, 154, 614, 180], 400, [4820, 161], [26819, 894]])
(857, [[622, 48, 639, 62], 32, [5140, 171], [5143, 171]])
(819, [[570, 63, 588, 78], 52, [5194, 173], [5237, 175]])
(969, [[633, 39, 646, 52], 34, [5838, 195], [6179, 206]])
(987, [[575, 54, 594, 71], 36, [6382, 213], [6393, 213]])
(1080, [[590, 46, 608, 61], 50, [7088, 236], [7131, 238]])
(1289, [[622, 42, 641, 59], 61, [8260, 275], [8345, 278]])
(1252, [[638, 22, 655, 33], 33, [8316, 277], [26819, 894]])
(2217, [[338, 54, 357, 69], 38, [13386, 446], [13401, 447]])
(2247, [[337, 54, 352, 68], 48, [13564, 452], [13601, 453]])
(2386, [[336, 55, 355, 68], 102, [14526, 484], [14883, 496]])
(2555, [[559, 88, 577, 105], 31, [15600, 520], [15607, 520]])
(2586, [[335, 54, 355, 68], 85, [15660, 522], [26819, 894]])
(2684, [[335, 54, 353, 67], 65, [16112, 537], [26819, 894]])
(2716, [[335, 54, 354, 67], 60, [16332, 544], [16391, 546]])
(2750, [[334, 54, 356, 68], 115, [16756, 559], [16925, 564]])
(2832, [[336, 55, 354, 68], 43, [17078, 569], [26819, 894]])
(2940, [[335, 54, 355, 68], 33, [17504, 583], [17515, 584]])
(3104, [[335, 54, 354, 68], 40, [18592, 620], [26819, 894]])
(3148, [[334, 55, 356, 68], 40, [19152, 638], [19421, 647]])
(3353, [[443, 37, 462, 51], 41, [20166, 672], [20187, 673]])
(3363, [[335, 55, 353, 67], 65, [20312, 677], [20389, 680]])
(3396, [[334, 55, 355, 68], 34, [20472, 682], [20479, 683]])
(3445, [[336, 55, 354, 69], 34, [20808, 694], [20821, 694]])
(3411, [[560, 82, 580, 100], 59, [20846, 695], [20911, 697]])
(3486, [[337, 54, 357, 69], 41, [21254, 708], [21275, 709]])
(3652, [[334, 56, 354, 77], 132, [22260, 742], [22463, 749]])
(3714, [[337, 56, 353, 68], 116, [22590, 753], [26819, 894]])
(3640, [[638, 33, 658, 48], 54, [22632, 754], [22695, 756]])
(3759, [[325, 57, 344, 68], 121, [23014, 767], [26819, 894]])
(3806, [[326, 57, 344, 68], 31, [23402, 780], [26819, 894]])
(3835, [[326, 58, 344, 70], 206, [23640, 788], [24105, 804]])
(3842, [[434, 43, 449, 57], 37, [23764, 792], [23777, 793]])
(3795, [[613, 51, 629, 66], 33, [23822, 794], [23827, 794]])
(3847, [[641, 32, 658, 48], 72, [24332, 811], [24423, 814]])
(3961, [[327, 57, 344, 69], 34, [24538, 818], [26819, 894]])
(4092, [[326, 56, 343, 68], 150, [25462, 849], [26819, 894]])
(4177, [[327, 57, 344, 68], 50, [26002, 867], [26819, 894]])
(4253, [[327, 57, 345, 68], 34, [26570, 886], [26819, 894]])

Start to end:1165.42
number of anomalies 46