(3522, [[690, 102, 722, 131], 72, [2778, 93], [2861, 95]])
(3577, [[687, 101, 722, 132], 158, [3178, 106], [3595, 120]])
(3653, [[688, 102, 723, 132], 33, [4110, 137], [26819, 894]])
(4063, [[687, 102, 723, 132], 40, [7900, 263], [26819, 894]])
(4467, [[687, 102, 722, 132], 112, [11610, 387], [11923, 397]])
(4687, [[689, 101, 722, 132], 50, [13450, 448], [26819, 894]])
(4846, [[687, 101, 722, 132], 91, [15174, 506], [26819, 894]])
(4958, [[688, 101, 724, 132], 34, [15612, 520], [26819, 894]])
(5090, [[689, 101, 722, 132], 47, [16830, 561], [26819, 894]])
(5269, [[688, 101, 722, 132], 55, [18366, 612], [19205, 640]])
(5412, [[687, 102, 722, 132], 83, [20296, 677], [20853, 695]])
(5726, [[689, 101, 722, 132], 43, [22642, 755], [22775, 759]])
(5809, [[688, 102, 723, 132], 67, [23302, 777], [24245, 808]])
(5941, [[687, 101, 723, 132], 34, [24922, 831], [24967, 832]])
(6061, [[687, 101, 722, 132], 50, [25682, 856], [25741, 858]])
(6119, [[687, 101, 724, 132], 55, [26130, 871], [26819, 894]])

Start to end:341.4
number of anomalies 16