(11472, [[433, 110, 461, 128], 58, [2374, 79], [2473, 82]])
(11477, [[457, 96, 482, 112], 189, [2668, 89], [26819, 894]])
(11504, [[446, 110, 471, 131], 99, [3142, 105], [26819, 894]])
(11528, [[414, 121, 439, 139], 43, [4436, 148], [4499, 150]])
(11529, [[474, 121, 504, 141], 32, [4466, 149], [4695, 156]])
(11549, [[458, 102, 475, 116], 39, [4788, 160], [26819, 894]])
(11537, [[374, 137, 410, 160], 86, [4800, 160], [4911, 164]])
(11538, [[426, 137, 457, 159], 65, [5156, 172], [26819, 894]])
(11555, [[339, 146, 385, 176], 124, [5350, 178], [26819, 894]])
(11562, [[299, 159, 360, 193], 38, [5466, 182], [6723, 224]])
(11570, [[328, 175, 397, 226], 34, [5524, 184], [5543, 185]])
(11575, [[397, 122, 427, 141], 65, [5922, 197], [8005, 267]])
(11576, [[352, 166, 414, 208], 70, [6012, 200], [6239, 208]])
(11597, [[363, 135, 402, 163], 37, [6164, 205], [6285, 210]])
(11591, [[490, 127, 519, 146], 33, [6552, 218], [6601, 220]])
(11598, [[413, 118, 442, 136], 35, [6712, 224], [9583, 319]])
(11603, [[425, 109, 453, 130], 49, [7228, 241], [8703, 290]])
(11607, [[395, 128, 426, 148], 36, [7264, 242], [9751, 325]])
(11599, [[474, 122, 507, 144], 111, [7370, 246], [7745, 258]])
(11614, [[347, 147, 388, 176], 56, [7418, 247], [8527, 284]])
(11617, [[279, 172, 343, 211], 46, [7452, 248], [8741, 291]])
(11605, [[348, 144, 388, 173], 39, [7748, 258], [8099, 270]])
(11626, [[0, 313, 117, 404], 43, [8394, 280], [8855, 295]])
(11623, [[374, 129, 412, 157], 36, [8416, 281], [10061, 335]])
(11653, [[287, 168, 346, 206], 36, [10686, 356], [10697, 357]])
(11671, [[184, 215, 263, 259], 31, [10694, 356], [10695, 356]])
(11665, [[358, 145, 400, 171], 34, [11168, 372], [11175, 372]])
(11754, [[442, 102, 467, 122], 76, [13472, 449], [13593, 453]])
(11766, [[419, 117, 447, 137], 32, [13656, 455], [13659, 455]])
(11835, [[747, 212, 799, 241], 32, [15596, 520], [15845, 528]])
(11871, [[446, 103, 470, 120], 55, [16538, 551], [16605, 554]])
(12070, [[423, 109, 451, 128], 66, [22700, 757], [22775, 759]])
(12075, [[386, 130, 419, 151], 32, [22746, 758], [22749, 758]])

Start to end:270.55
number of anomalies 33