(32567, [[709, 131, 735, 150], 68, [13056, 435], [26819, 894]])
(32709, [[709, 132, 736, 150], 188, [15948, 532], [17157, 572]])
(32843, [[697, 123, 706, 144], 61, [17284, 576], [17439, 581]])
(32848, [[689, 132, 699, 152], 39, [17508, 584], [26819, 894]])
(32893, [[623, 160, 666, 190], 33, [18594, 620], [19287, 643]])
(32939, [[428, 159, 468, 189], 32, [19354, 645], [26819, 894]])
(32940, [[300, 159, 341, 190], 99, [19456, 649], [20329, 678]])
(32941, [[575, 174, 586, 204], 81, [19524, 651], [26819, 894]])
(32977, [[267, 84, 322, 220], 40, [20488, 683], [20569, 686]])
(32989, [[346, 155, 364, 208], 34, [20732, 691], [20801, 693]])
(33006, [[167, 178, 194, 198], 35, [21048, 702], [26819, 894]])
(33028, [[150, 171, 187, 198], 33, [21440, 715], [26819, 894]])
(33037, [[38, 160, 89, 197], 32, [22024, 734], [26819, 894]])
(33044, [[352, 154, 378, 206], 62, [22164, 739], [26819, 894]])
(33043, [[412, 130, 432, 177], 61, [22164, 739], [22289, 743]])
(33052, [[265, 166, 302, 193], 33, [22534, 751], [22973, 766]])
(33110, [[644, 159, 655, 180], 111, [23288, 776], [26819, 894]])
(33102, [[266, 168, 303, 195], 71, [23380, 779], [26325, 878]])
(33141, [[644, 160, 655, 180], 35, [24028, 801], [26819, 894]])
(33175, [[651, 150, 662, 172], 36, [25148, 838], [26819, 894]])
(33200, [[266, 166, 301, 192], 64, [26588, 886], [26771, 892]])

Start to end:1161.09
number of anomalies 21