(58499, [[224, 122, 254, 134], 67, [18118, 604], [27009, 900]])
(58785, [[227, 122, 254, 135], 42, [18890, 630], [22597, 753]])
(59022, [[132, 144, 154, 160], 35, [20058, 669], [20129, 671]])
(59146, [[48, 119, 71, 137], 40, [20512, 684], [27009, 900]])
(59693, [[223, 122, 255, 136], 45, [22832, 761], [22933, 764]])
(59732, [[253, 136, 277, 153], 80, [22952, 765], [24043, 801]])
(59814, [[221, 121, 254, 136], 49, [23340, 778], [24257, 809]])
(59993, [[253, 136, 277, 152], 153, [24170, 806], [25457, 849]])
(60172, [[221, 121, 254, 136], 41, [24860, 829], [26185, 873]])
(60334, [[253, 136, 277, 153], 94, [25642, 855], [26709, 890]])
(60470, [[218, 121, 255, 136], 79, [26474, 882], [26643, 888]])
(60586, [[253, 135, 277, 152], 57, [26864, 895], [26989, 900]])

Start to end:1293.9
number of anomalies 12