(67469, [[490, 94, 511, 108], 31, [2000, 67], [2091, 70]])
(67479, [[563, 79, 587, 96], 49, [2168, 72], [2967, 99]])
(67476, [[437, 109, 466, 124], 34, [2312, 77], [2531, 84]])
(67498, [[459, 80, 496, 99], 32, [2464, 82], [2529, 84]])
(67512, [[459, 98, 483, 112], 34, [2656, 89], [2725, 91]])
(67486, [[458, 95, 481, 112], 203, [2820, 94], [3227, 108]])
(67518, [[499, 99, 522, 113], 31, [2984, 99], [3197, 107]])
(67538, [[457, 103, 481, 120], 38, [3080, 103], [3471, 116]])
(67599, [[461, 101, 480, 120], 63, [4356, 145], [4827, 161]])
(67610, [[434, 112, 456, 128], 41, [4372, 146], [4973, 166]])
(67611, [[472, 118, 500, 133], 73, [4404, 147], [4679, 156]])
(67613, [[404, 126, 430, 144], 36, [4678, 156], [4845, 162]])
(67628, [[413, 121, 436, 140], 33, [4738, 158], [26819, 894]])
(67629, [[440, 133, 464, 151], 62, [5072, 169], [5927, 198]])
(67627, [[462, 118, 486, 137], 48, [5092, 170], [5635, 188]])
(67679, [[392, 124, 421, 151], 48, [5288, 176], [6847, 228]])
(67698, [[405, 146, 443, 174], 47, [5366, 179], [5595, 186]])
(67687, [[582, 69, 616, 87], 45, [5356, 179], [5643, 188]])
(67688, [[299, 159, 360, 193], 38, [5404, 180], [6723, 224]])
(67697, [[332, 172, 399, 223], 38, [5484, 183], [5561, 185]])
(67717, [[420, 116, 445, 136], 59, [5600, 187], [26819, 894]])
(67725, [[435, 110, 455, 125], 67, [5860, 195], [8551, 285]])
(67737, [[350, 165, 412, 208], 39, [5952, 198], [6119, 204]])
(67740, [[584, 71, 616, 85], 112, [6014, 200], [7061, 235]])
(67734, [[509, 108, 531, 124], 45, [6120, 204], [6239, 208]])
(67751, [[488, 101, 508, 114], 107, [6314, 210], [7173, 239]])
(67768, [[424, 133, 460, 156], 49, [6428, 214], [6613, 220]])
(67770, [[441, 108, 464, 122], 88, [6650, 222], [9877, 329]])
(67786, [[458, 124, 481, 141], 56, [6694, 223], [6807, 227]])
(67804, [[448, 117, 478, 140], 34, [6982, 233], [7061, 235]])
(67779, [[459, 117, 496, 138], 184, [7090, 236], [7845, 262]])
(67793, [[436, 106, 459, 124], 44, [7166, 239], [8793, 293]])
(67808, [[435, 113, 455, 127], 38, [7202, 240], [10061, 335]])
(67824, [[418, 122, 442, 137], 40, [7356, 245], [9091, 303]])
(67827, [[443, 106, 467, 122], 82, [7390, 246], [9607, 320]])
(67805, [[434, 117, 461, 139], 46, [7468, 249], [7627, 254]])
(67826, [[582, 69, 614, 84], 44, [7504, 250], [8109, 270]])
(67806, [[380, 130, 416, 156], 97, [7686, 256], [8413, 280]])
(67843, [[442, 100, 471, 122], 35, [7952, 265], [8023, 267]])
(67834, [[446, 104, 466, 118], 66, [8060, 269], [26819, 894]])
(67871, [[585, 71, 615, 85], 40, [8308, 277], [8395, 280]])
(67875, [[0, 313, 117, 404], 43, [8332, 278], [8855, 295]])
(67874, [[386, 126, 423, 152], 36, [8354, 278], [10135, 338]])
(67876, [[450, 101, 475, 116], 32, [8470, 282], [8535, 284]])
(67904, [[431, 111, 454, 129], 115, [8798, 293], [9029, 301]])
(68017, [[582, 69, 615, 85], 35, [10128, 338], [10229, 341]])
(67996, [[287, 168, 346, 206], 36, [10624, 354], [10697, 357]])
(68085, [[184, 215, 263, 259], 31, [10632, 354], [10695, 356]])
(68185, [[358, 145, 400, 171], 35, [11104, 370], [11175, 372]])
(68361, [[438, 80, 456, 93], 51, [13140, 438], [13377, 446]])
(68352, [[443, 101, 468, 121], 78, [13410, 447], [13567, 452]])
(68402, [[436, 79, 456, 93], 34, [13452, 448], [26819, 894]])
(68390, [[419, 117, 447, 137], 32, [13594, 453], [13659, 455]])
(68570, [[747, 212, 799, 241], 36, [15534, 518], [15845, 528]])
(68601, [[447, 104, 469, 120], 34, [15874, 529], [15943, 531]])
(68664, [[456, 99, 476, 114], 87, [16476, 549], [16651, 555]])
(69197, [[424, 109, 453, 127], 70, [22638, 755], [22779, 759]])
(69206, [[386, 130, 419, 151], 32, [22684, 756], [22749, 758]])

Start to end:1265.81
number of anomalies 58