(60622, [[358, 182, 411, 218], 73, [64, 2], [9957, 332]])
(61355, [[0, 367, 100, 407], 44, [3966, 132], [15405, 514]])
(62329, [[0, 123, 17, 141], 152, [6916, 231], [26769, 892]])
(63148, [[359, 182, 414, 217], 48, [10362, 345], [14801, 493]])
(64352, [[358, 181, 411, 215], 39, [15104, 503], [18361, 612]])
(64850, [[0, 384, 65, 409], 38, [16884, 563], [17213, 574]])
(65247, [[358, 182, 412, 215], 53, [18588, 620], [19371, 646]])
(65493, [[359, 182, 410, 214], 49, [19824, 661], [21959, 732]])
(66150, [[353, 184, 414, 221], 32, [22380, 746], [23873, 796]])
(66595, [[394, 158, 452, 196], 52, [24298, 810], [24685, 823]])
(66833, [[394, 158, 451, 194], 77, [25144, 838], [26769, 892]])

Start to end:1329.86
number of anomalies 11