(47039, [[163, 110, 181, 125], 129, [8660, 289], [9933, 331]])
(47211, [[161, 111, 181, 128], 41, [10288, 343], [13269, 442]])
(47680, [[161, 112, 182, 127], 31, [13554, 452], [14019, 467]])
(47791, [[160, 111, 181, 128], 56, [14714, 490], [18547, 618]])
(48479, [[160, 111, 181, 128], 47, [18886, 630], [19963, 665]])
(48705, [[159, 112, 180, 128], 68, [20060, 669], [20197, 673]])
(48733, [[160, 114, 181, 129], 33, [20348, 678], [20415, 680]])
(48793, [[160, 113, 181, 128], 68, [20616, 687], [20753, 692]])
(48842, [[159, 110, 180, 127], 84, [20908, 697], [23559, 785]])
(49317, [[158, 112, 181, 128], 55, [23842, 795], [24253, 808]])
(49403, [[159, 112, 181, 128], 57, [24324, 811], [25895, 863]])
(49640, [[157, 112, 181, 129], 40, [26102, 870], [26771, 892]])

Start to end:1248.98
number of anomalies 12