(20149, [[600, 169, 621, 190], 37, [488, 16], [567, 19]])
(20128, [[601, 185, 621, 203], 31, [608, 20], [671, 22]])
(20736, [[532, 243, 564, 272], 31, [3284, 109], [3347, 112]])
(21157, [[591, 204, 618, 225], 45, [5140, 171], [5231, 174]])
(21542, [[602, 224, 628, 241], 37, [6828, 228], [7127, 238]])
(21894, [[603, 193, 625, 217], 39, [8118, 271], [8325, 278]])
(22053, [[629, 179, 654, 200], 32, [9132, 304], [9485, 316]])
(22114, [[607, 216, 630, 232], 45, [9182, 306], [9273, 309]])
(22374, [[608, 153, 628, 169], 39, [10268, 342], [10347, 345]])
(22591, [[668, 259, 702, 281], 81, [11194, 373], [11357, 379]])
(22641, [[533, 148, 566, 194], 34, [11260, 375], [11329, 378]])
(22923, [[689, 315, 730, 356], 100, [12758, 425], [26559, 885]])
(23032, [[723, 275, 759, 303], 39, [12874, 429], [12953, 432]])
(23093, [[768, 292, 799, 316], 43, [13076, 436], [13163, 439]])
(23035, [[452, 353, 497, 390], 34, [13156, 439], [13225, 441]])
(23451, [[480, 335, 505, 372], 31, [14844, 495], [14907, 497]])
(23440, [[515, 133, 542, 168], 37, [14918, 497], [14993, 500]])
(23308, [[613, 217, 647, 254], 36, [14918, 497], [15385, 513]])
(23696, [[416, 380, 474, 410], 62, [15934, 531], [16059, 535]])
(23912, [[371, 203, 417, 241], 45, [17512, 584], [17627, 588]])
(24017, [[476, 381, 546, 410], 48, [18368, 612], [18465, 616]])
(24108, [[462, 201, 496, 239], 48, [18526, 618], [26559, 885]])
(24372, [[446, 276, 576, 407], 35, [20740, 691], [22403, 747]])
(24781, [[349, 141, 388, 196], 36, [22686, 756], [22763, 759]])

Start to end:1371.33
number of anomalies 24