(26606, [[675, 193, 696, 214], 37, [5424, 181], [26645, 888]])
(27217, [[615, 375, 656, 410], 59, [7812, 260], [26645, 888]])
(27267, [[674, 188, 693, 203], 47, [8264, 275], [8359, 279]])
(28522, [[683, 180, 703, 197], 31, [13268, 442], [13331, 444]])
(29425, [[684, 179, 703, 193], 35, [17122, 571], [26645, 888]])
(29554, [[614, 377, 656, 410], 49, [17370, 579], [26645, 888]])
(29664, [[614, 378, 655, 410], 31, [17780, 593], [26645, 888]])
(29713, [[620, 178, 638, 193], 35, [18228, 608], [18301, 610]])
(30258, [[675, 191, 698, 212], 52, [20234, 674], [20339, 678]])
(30337, [[665, 185, 686, 203], 32, [20590, 686], [20655, 688]])
(30810, [[614, 376, 656, 409], 69, [22316, 744], [26645, 888]])
(31081, [[679, 181, 701, 202], 48, [23398, 780], [23495, 783]])
(31156, [[615, 378, 655, 409], 91, [23690, 790], [24679, 823]])
(31437, [[683, 180, 704, 197], 33, [24608, 820], [24711, 824]])
(31876, [[615, 378, 656, 410], 62, [26078, 869], [26427, 881]])

Start to end:1349.08
number of anomalies 15